*初期フィールド,32,30
0,1,フィールド2,-1,1;0,5,フィールド2,-1,5
-
11001100110011000011110111011001
01000010011101110110110111111100
10011010101001011001010110110101
00101000011010001100000110100011
00101011001101111101110110000011
11010000000010001001000011001000
00110001010010011110100100111101
10101110111111000110100011000110
01100010010101011100001011110100
11110010101010101111011110111000
00011011100001101001100011111011
00110000101101011010111010000100
01010111001100111000011011101010
00111010010111110000110101011101
10101101000101100010101001000001
10011101010101101110111010100100
11111101001011011000011101111001
01111110010011010100011111110110
00100000001011010100110110011011
00000011110000011000010000010000
00001100000011110001100101000110
00110100100101000110000010110100
11110100000000010010010111010011
00001101011000100000010010001101
00100011001010001111111100110101
10100101011011001111101100101011
11101001010011101001000011111000
10011110010110010000010111111010
11000011110010001100100001100011
10001010101010000101010110010110

*フィールド2,32,30
-1,1,初期フィールド,0,1;-1,5,初期フィールド,0,5
-
11111111111111111111111111111111
10000000000000000000000000000000
10000000000000000000000000000001
10000000000000000000000000000001
10000000000000000000000000000001
10000000000000000000000000000001
10000000000000000000000000000001
10000000000000000000000000000001
10000000000000000000000000000001
10000000000000000000000000000001
10000000000000000000000000000001
10000000000000000000000000000001
10000000000000000000000000000001
10000000000000000000000000000001
10000000000000000000000000000001
10000000000000000000000000000001
10000000000000000000000000000001
10000000000000000000000000000001
10000000000000000000000000000001
10000000000000000000000000000001
10000000000000000000000000000001
10000000000000000000000000000001
10000000000000000000000000000001
10000000000000000000000000000001
10000000000000000000000000000001
10000000000000000000000000000001
10000000000000000000000000000001
10000000000000000000000000000001
10000000000000000000000000000001
11111111111111111111111111111111
