*フィールド1,32,30
L,1,フィールド2,R,1;L,5,フィールド2,R,5;L,10,フィールド2,R,5
-
00000000000000000000000000000000
11111111111111111111111111111110
01111111111111111111111111111110
01111111111111111111111111111110
01111111111111111111111111111110
11111111111111111111111111111110
01111111111111111111111111111110
01111111111111111111111111111110
01111111111111111111111111111110
01111111111111111111111111111110
11111111111111111111111111111110
01111111111111111111111111111110
01111111111111111111111111111110
01111111111111111111111111111110
01111111111111111111111111111110
01111111111111111111111111111110
01111111111111111111111111111110
01111111111111111111111111111110
01111111111111111111111111111110
01111111111111111111111111111110
01111111111111111111111111111110
01111111111111111111111111111110
01111111111111111111111111111110
01111111111111111111111111111110
01111111111111111111111111111110
01111111111111111111111111111110
01111111111111111111111111111110
01111111111111111111111111111110
01111111111111111111111111111110
01111111111111111111111111111110

*フィールド2,32,30
R,1,フィールド1,L,1;R,5,フィールド1,L,5;3,T,フィールド3,3,B
-
00010000000000000000000000000000
01111111111111111111111111111111
01111111111111111111111111111110
01111111111111111111111111111110
01111111111111111111111111111110
01111111111111111111111111111111
01111111111111111111111111111110
01111111111111111111111111111110
01111111111111111111111111111110
01111111111111111111111111111110
01111111111111111111111111111110
01111111111111111111111111111110
01111111111111111111111111111110
01111111111111111111111111111110
01111111111111111111111111111110
01111111111111111111111111111110
01111111111111111111111111111110
01111111111111111111111111111110
01111111111111111111111111111110
01111111111111111111111111111110
01111111111111111111111111111110
01111111111111111111111111111110
01111111111111111111111111111110
01111111111111111111111111111110
01111111111111111111111111111110
01111111111111111111111111111110
01111111111111111111111111111110
01111111111111111111111111111110
01111111111111111111111111111110
00000000000000000000000000000000

*フィールド3,48,36
3,B,フィールド2,3,T;2,B,フィールド2,2,T
-
000000000000000011122222222122333332222212233333
000000000000010011122222221233333333222222233333
000111010000111111122222221233333333322222333333
001011110000011112111232212223333333222222233333
001111111000001112122333211222333332222222233333
011121111101111122222233221222333332221112233333
111122121111111122222332222222233222221212223333
111222221111112122223332222222233222212222223332
122222222111122222223333222222222222211222222322
222222222111212232233333332222222122211111222222
222232222211222233333333333222221112111111221222
222233322222222333333333333322222111111111111222
222333332222222233333333333222221111111100111212
222333322222122333333333333322221111111100111111
222333222222222333233333333332221111000000011111
223333322233332332233333322222111111000000000011
233333332333333333233333322222111111010000000111
333333332223333333323332322221011111111000000010
233333332233333333332333222210000111111110000000
233333322223333333322233221111000011111111100000
332333222222333333323222222111110011112111110000
223333321222233332323322221111111111222111111000
222323221121223333333333222121111112222221111110
222222221112223223333333222222111111222222111110
222222211122222223333333322222212122222222211111
122222211122222223333333332222212222222322221111
122221111122212222333333332222112222333332211211
111111111222222222333333332221111222333332221221
000111111122222222333332322211112223333333222222
000111111122222222233322222211222223333333232222
001111112223222232223322222112222233333333333222
111121111223232333222322221111222223333333333322
111122222233232333222222211011112222333333333222
111122222233333333322221111111112223333333332222
111222222233333333322221111111111222332333322222
112222222333333333332222111101111222222332322221
